7246
963
4147
9998
232
7862
4308
11
9912
3390
1745
8659
5712
7420
9276
3419
2132
7288
8184
6792
6235
751
4413
8830
1507
4680
29
8344
9015
5352
4463
2983
6305
5322
9694
3250
9896
724
3251
6530
4104
4986
5189
6529
9118
1188
9938
1250
5188
8122
4754
1423
5585
9158
6965
7082
3838
3706
5426
9565
5771
6601
2548
2076
8635
2242
2038
5254
2956
5279
1784
3773
6978
3686
302
6096
4864
240
4059
6764
5074
8803
4899
660
4683
8576
7732
5233
2283
9871
4798
8044
3194
4059
6832
1830
3013
8861
7074
2682
862
5570
6445
4552
9246
6737
649
832
3689
1420
7586
8753
6935
2485
9403
1619
1062
3858
6842
57
451
8353
8091
3635
2412
1645
5455
2137
7218
9241
4809
4793
4812
1254
9335
4058
4703
6696
4881
8382
8106
9179
7136
5042
1665
3261
3373
9429
3831
215
9476
994
5280
4289
4620
4404
5924
6787
6532
9855
6029
8053
4648
7553
9298
3983
8323
723
680
9916
9096
5498
9096
2954
7252
7473
2927
625
6902
3471
7543
6378
4455
2823
667
9065
7218
3303
2575
472
3158
8594
8515
4518
2869
4535
8492
1192
5249
5884
1109
4345
8094
205
4011
5347
7668
6928
5962
1292
399
227
7660
4845
3041
5039
632
6971
5054
3197
7433
8203
8503
2670
9433
1372
7196
7925
9267
2445
531
376
3502
5338
7283
7503
685
1673
1153
3359
2955
1543
3577
7327
3100
3330
9078
444
301
4132
354
4446
2335
8847
7106
1769
6932
1024
6406
6199
3459
3650
3287
3673
5700
570
7888
6375
8945
9032
6446
1900
7287
6735
5939
7099
65
5017
7533
7068
9139
7877
8226
8187
3447
2055
6668
379
3069
9786
3290
3241
158
6567
6904
5848
3849
4793
2223
2794
547
5382
1406
7824
2117
7335
4923
8885
9064
2456
2675
8203
7046
902
3112
7205
2947
9770
4296
2728
9557
7576
2681
9705
865
6298
5554
4704
1091
4489
4210
8340
6583
5606
6164
5413
9653
1087
4298
5439
255
3685
364
4013
4577
3467
1218
4236
9949
5504
6955
6228
9792
6348
2656
657
2646
4922
2073
449
9401
6273
8779
2707
8591
4943
8110
4966
2742
9120
405
9700
2805
760
3713
7373
4217
4922
8321
4166
7138
1998
395
6931
8337
3041
7578
983
7953
9642
1423
4076
2637
202
6773
1229
1858
1605
2907
4590
725
3303
4290
3521
4053
4716
7606
4982
9628
5927
5860
3488
7916
2967
419
6253
5998
4710
7226
673
1074
5361
1462
3701
5554
4947
1642
7402
6543
4540
1992
7258
4555
2995
7491
8598
7701
5097
302
4051
1025
6152
7529
5653
9110
4661
1906
1830
9361
5844
9206
435
1206
668
848
3472
5605
2481
874
8860
3733
9568
2841
8278
9275
332
3598
6976
5420
3890
7739
3157
6754
5269
8800
2586
9920
7418
4407
6003
3262
3613
6428
1180
993
7266
4642
3310
6459
2228
2171
192
1797
5002
5182
7784
5324
8770
4761
7456
9372
2500
613
6127
4481
9403
5425
1123
6821
9822
3838
6796
157
266
7966
1140
4245
9321
1163
7416
1549
3324
7599
58
8316
2781
7833
362
8264
9306
7809
7636
8518
8412
485
9712
4538
5901
7547
8071
2445
1386
4867
9305
8354
9546
7157
9311
5589
8310
6728
7128
1634
4327
3899
6662
3820
8444
7015
8796
7750
4824
6433
2990
9948
3630
2702
1208
6243
6962
9270
8679
8338
859
4706
3414
405
1863
2726
2706
174
9444
9825
8510
493
446
5173
4303
5602
2188
3100
74
3724
6245
3054
394
6587
2469
1593
2831
9421
863
8222
4481
8424
2928
7885
5542
4781
611
8238
1667
55
4785
178
538
5221
5341
1554
823
4241
1366
887
7955
7601
654
5061
4188
3113
6644
3731
9246
4219
1953
449
2644
1593
8324
8176
6365
5648
3136
4744
2415
7912
4912
9656
3133
6965
7922
669
1206
9278
8258
5873
3601
8902
935
4501
8727
4291
8223
4695
8501
6888
5134
7857
8472
181
2755
1559
5819
5881
3015
4946
3793
7918
4602
3639
1605
9236
1020
2802
8514
9268
5387
8827
4893
3034
3329
3620
7316
8264
8306
2539
1874
3440
7108
7058
333
6575
8607
6142
2456
1623
7801
2962
6253
9115
3313
7848
8352
4323
7362
3588
313
9462
2416
5196
2496
2457
8807
6524
7433
3835
5775
9297
3987
2883
6356
4311
9448
1685
7165
8617
20
4966
8291
6263
4082
1604
834
9146
2639
4908
2734
2942
4370
1862
8129
3579
4309
3658
6815
1742
7483
2591
7752
1470
2186
4108
5771
1635
2505
9649
6964
2516
4615
5255
5491
5409
3571
3037
4555
6200
7936
4002
9132
9018
5854
3983
9309
6876
7631
6125
5330
1836
8706
3082
3297
7604
3902
5780
5951
6398
2151
2915
5626
6757
4882
7829
8878
8443
867
156
4643
5515
4148
498
4533
6714
4471
3843
312
8815
6680
5633
651
2108
8705
660
9702
9320
3153
5654
2440
5294
5281
8056
8763
164
5885
7642
8597
3464
7788
9953
8969
8648
7163
3503
2084
1634
4058
2387
7161
7450
8010
7803
9548
3437
5175
5972
2757
5040
1626
5187
335
3620
9955
9088
3774
5841
3452
9083
9295
7952
9036
4987
3322
6199
5202
5397
4546
9250
7774
8419
3422
2506
2944
2970
5933
8110
8932
5403
3150
7271
590
197
891
546
9276
1377
3099
9440
460
9106
7393
6209
4093
715
9120
9285
2824
388
5257
7310
8798
5391
9806
1742
8351
2462
9842
4006
4577
9705
7989
5157
9892
8870
2415
5890
6959
2226
5331
7409
8045
9436
340
8850
6863
9451
4858
9678
9829
115
3710
8627
2219
239
370
570
2691
6924
1288
7258
3351
9267
9127
3244
4859
8255
5846
1818
7193
7889
5940
5238
7325
6270
4089
911
2443
8937
7301
2273
5764
1011
7612
7973
1240
4694
8534
3921
8331
6534
7891
1682
2524
3741
1638
7373
8708
7475
5904
5901
5364
8556
1140
9402
1548
5219
313
3982
4156
7604
2967
9910
8605
